theta = 0 : 10 : 180;
phi = 0 : 10 : 350;

